<?xml version="1.0"?>
<opencv_storage>
<calibration_Time>"Thu 15 Mar 2018 12:20:48 AM"</calibration_Time>
<nrOfFrames>25</nrOfFrames>
<image_Width>640</image_Width>
<image_Height>480</image_Height>
<board_Width>9</board_Width>
<board_Height>6</board_Height>
<square_Size>50.</square_Size>
<FixAspectRatio>1.</FixAspectRatio>
<!-- flags:  +fix_aspectRatio +fix_principal_point +zero_tangent_dist -->
<flagValue>14</flagValue>
<Camera_Matrix type_id="opencv-matrix">
  <rows>3</rows>
  <cols>3</cols>
  <dt>d</dt>
  <data>
    7.1071808840604569e+02 0. 320. 0. 7.1071808840604569e+02 240. 0. 0.
    1.</data></Camera_Matrix>
<Distortion_Coefficients type_id="opencv-matrix">
  <rows>5</rows>
  <cols>1</cols>
  <dt>d</dt>
  <data>
    -9.8703031663930407e-02 8.4872335035100477e-01 0. 0.
    -3.3756656665627651e+00</data></Distortion_Coefficients>
<Avg_Reprojection_Error>1.5895524574885032e+00</Avg_Reprojection_Error>
<Per_View_Reprojection_Errors type_id="opencv-matrix">
  <rows>25</rows>
  <cols>1</cols>
  <dt>f</dt>
  <data>
    4.48604167e-01 4.84129250e-01 4.59796876e-01 3.89847189e-01
    3.61060679e-01 3.39409024e-01 3.38179350e-01 2.89228410e-01
    2.79851139e-01 3.18776369e-01 2.65295893e-01 3.47711116e-01
    3.90814513e-01 4.72742826e-01 3.63489437e+00 4.60239553e+00
    2.85988832e+00 2.77940607e+00 2.91768360e+00 6.52072728e-01
    7.50308812e-01 8.28155458e-01 4.31561708e-01 5.69593966e-01
    4.25151885e-01</data></Per_View_Reprojection_Errors>
<!-- a set of 6-tuples (rotation vector + translation vector) for each view -->
<Extrinsic_Parameters type_id="opencv-matrix">
  <rows>25</rows>
  <cols>6</cols>
  <dt>d</dt>
  <data>
    2.7309878983218161e-01 -4.6914357101391679e-01
    -3.0777458705471878e+00 1.3706900826008896e+02
    2.1982193370557951e+02 9.8500107679371706e+02 2.7728124345423577e-01
    -4.6570327244406995e-01 -3.0809731854828213e+00
    1.3832398645344728e+02 2.2057048113973877e+02 9.8412680806456649e+02
    2.5471108708897877e-01 -4.7018589713650533e-01
    -3.0847359728047121e+00 1.3582605408211495e+02
    2.1859654594298550e+02 9.8286251131466167e+02
    -1.7903120304672787e-01 4.9089342331453883e-01
    3.0829486238102062e+00 1.2566901305472669e+02 2.0829363151817390e+02
    9.8429645948416521e+02 -4.3076718542187739e-02
    5.1028311337297194e-01 3.0901539727886802e+00 1.2242789259475485e+02
    2.1886372044676276e+02 9.8102180914699011e+02 3.9448148987837395e-01
    5.1076502704515025e-01 2.9752434948012403e+00 1.4138276296046726e+02
    2.0740274950868150e+02 1.0872335637237677e+03 4.7952078548567134e-01
    4.9515298397558755e-01 2.9387441538333845e+00 1.3637477229222287e+02
    2.3659744959079515e+02 1.1841288905926101e+03 2.9306528952213773e-01
    5.2054848755837058e-01 3.0113816269399210e+00 9.7432731457998116e+01
    2.4091429961540132e+02 1.3149889527698626e+03
    -1.1807844963002327e-02 5.0327930811444888e-01
    3.0609523561170100e+00 5.7132570438211857e+01 2.6477588349681491e+02
    1.3494502338914242e+03 -2.5418965786428438e-01
    4.8650122335426188e-01 3.0733782698692038e+00 1.0069088516557086e+01
    2.7927141195909218e+02 1.3754410575862933e+03 5.5439224179310509e-01
    -4.4865051248884630e-01 -3.0522921952851645e+00
    -9.4206245764506448e+01 3.0603387264372213e+02
    1.3984629754654072e+03 8.2171464544963368e-01
    -4.7474328926410675e-01 -2.9732040679137905e+00
    -1.7750125644215649e+02 3.1860090356593338e+02
    1.4063618104169057e+03 -1.2608644557301046e-01
    -7.7044603661086675e-01 3.0224846018973710e+00
    9.5584458896434285e+01 -1.0782764562167009e+02
    1.6164665172583557e+03 -2.9733871948597856e-01
    -4.4622082339886501e-02 3.0506117455400394e+00
    8.8847788721766690e+01 -6.8957951327315612e+01
    1.5768403894269884e+03 1.7582994747829211e-01
    -1.8118438765394147e+00 -2.5164941926280644e+00
    1.1941302698910390e+02 3.5699005366062028e+02 1.2463904247278060e+03
    1.1359651109155305e-01 -1.8416939251898348e+00
    -2.5311572410956624e+00 9.9641491683157142e+01
    3.6249607857848616e+02 1.3073638081912725e+03
    -9.8488815932069582e-02 1.7297914674452219e+00
    2.6114352601434359e+00 1.1146104685345365e+02 3.6432253855555405e+02
    1.3214554832147207e+03 -9.6716202628649092e-02
    1.7082864030124651e+00 2.6259859882597101e+00 1.1179708695776627e+02
    3.6228616069140270e+02 1.3223697371426897e+03
    -9.5328888974053921e-02 1.7003433957875980e+00
    2.6315377956327470e+00 1.1098245851388477e+02 3.5861837593620425e+02
    1.3241683614575677e+03 9.6763354847550498e-02
    -1.3621743806592495e+00 -2.8276567256171803e+00
    4.6236540205203177e+01 3.2128377007755114e+02 1.3434926998940111e+03
    3.3270885276950107e-01 -1.2124399197059352e+00
    -2.8553507993978871e+00 -6.0143555720762890e+01
    3.0661950588363925e+02 1.3805430334881314e+03 6.2332096187868391e-01
    -1.2221251876701995e+00 -2.7580495835636882e+00
    -1.8267735862229799e+02 3.3336159261118485e+02
    1.4191997346393573e+03 2.9205328265116143e-01 9.1213128376866925e-01
    2.9688532837522787e+00 2.1380966569456831e+02 3.9546031118341915e+02
    1.3774323068306119e+03 6.3520139105539752e-01 9.6579154646569787e-01
    2.8543307194246750e+00 3.6608137775912746e+02 3.4762373300510279e+02
    1.3407023703476827e+03 8.4833965018327173e-01 8.1047055784130462e-01
    2.8225782668628803e+00 4.8519700863195175e+02 3.3619757679354427e+02
    1.3158078512972099e+03</data></Extrinsic_Parameters>
