<?xml version="1.0"?>
<opencv_storage>
<calibration_Time>"Sun 01 Apr 2018 07:52:10 PM"</calibration_Time>
<nrOfFrames>30</nrOfFrames>
<image_Width>640</image_Width>
<image_Height>480</image_Height>
<board_Width>9</board_Width>
<board_Height>6</board_Height>
<square_Size>50.</square_Size>
<FixAspectRatio>1.</FixAspectRatio>
<!-- flags:  +fix_aspectRatio +fix_principal_point +zero_tangent_dist -->
<flagValue>14</flagValue>
<Camera_Matrix type_id="opencv-matrix">
  <rows>3</rows>
  <cols>3</cols>
  <dt>d</dt>
  <data>
    7.5528491337122944e+02 0. 320. 0. 7.5528491337122944e+02 240. 0. 0.
    1.</data></Camera_Matrix>
<Distortion_Coefficients type_id="opencv-matrix">
  <rows>5</rows>
  <cols>1</cols>
  <dt>d</dt>
  <data>
    2.2750847430325110e-02 1.3242133490613928e-01 0. 0.
    -2.5069731119637555e+00</data></Distortion_Coefficients>
<Avg_Reprojection_Error>1.5347665502651424e+00</Avg_Reprojection_Error>
<Per_View_Reprojection_Errors type_id="opencv-matrix">
  <rows>30</rows>
  <cols>1</cols>
  <dt>f</dt>
  <data>
    6.15953326e-01 2.79460907e-01 3.76118660e-01 4.07037228e-01
    4.24434900e-01 4.45315510e-01 4.88524228e-01 4.55541253e-01
    5.75806499e-01 5.37661076e-01 5.30741930e-01 5.80328584e-01
    2.06655845e-01 2.69855261e-01 3.50653410e-01 1.18222058e+00
    4.71014172e-01 5.76470971e-01 3.79432887e-01 5.21184504e-01
    4.39618301e+00 4.93730068e+00 3.76683164e+00 5.67752540e-01
    9.22401309e-01 1.31380975e+00 1.12136352e+00 1.12964141e+00
    1.28274500e+00 5.10243773e-01</data></Per_View_Reprojection_Errors>
<!-- a set of 6-tuples (rotation vector + translation vector) for each view -->
<Extrinsic_Parameters type_id="opencv-matrix">
  <rows>30</rows>
  <cols>6</cols>
  <dt>d</dt>
  <data>
    -4.1281774718928965e-01 1.3997567216474505e-01
    -1.2988944108875122e-01 -2.6703322261064329e+02
    7.2520245184170280e+00 1.1586579227235543e+03
    -2.1757389836384555e-01 1.2601352108836336e-01
    -6.0548563508937517e-02 -1.4243101496867052e+02
    8.8130175221925199e+01 1.4549878808882045e+03
    -1.5258481585680114e-01 -4.6987438426800990e-02
    -3.2519570477962945e-02 -6.8190354966456042e+01
    1.9574969746560097e+02 1.5823921714859498e+03
    -3.3177566219120402e-01 -1.1613738974037503e-01
    1.8805095984946957e-03 1.4804703925765037e+02 1.7881444593078342e+02
    1.5814091776232192e+03 -2.2605843060294756e-01
    -5.6900860807307628e-02 -2.5357163035138474e-02
    -5.0951522730653572e+01 -6.0702294951426256e+02
    1.9861222412860511e+03 -1.9103694662026896e-01
    -2.1725600560320288e-01 7.0500598159623076e-02
    2.9578371745146399e+02 -5.2173731717400847e+02
    1.8763917251379582e+03 -3.4295143047597060e-01
    -6.9874884383093402e-02 2.8530624455774176e-02
    -7.3726510047521879e+02 -5.1557421660528837e+02
    2.2326967234298700e+03 -2.4681346686866212e-01
    4.3779083393218754e-01 -1.6094699742181540e-01
    -3.4262934952920040e+02 -6.1898408717444198e+01
    1.9545303097441172e+03 -3.7785768622615828e-01
    -6.7848489066315154e-01 1.1982119839927634e-01
    -2.4249551090522220e+02 -1.1515628720621847e+02
    1.6971361937024219e+03 -2.5569469758455421e-01
    5.7451897294181459e-02 -7.2948442940075436e-02
    -3.5295665784125487e+02 -1.0573622867528202e+02
    1.0346104811435089e+03 -1.5648593020910889e-01
    4.4597047481492832e-02 -3.4137447332938942e-02
    -2.0863203848620407e+02 -1.5635260288375494e+02
    7.0877201292313998e+02 -1.2956592869827868e-01
    1.3398125856758156e-02 -2.4096516653251524e-02
    -2.0677036239714349e+02 -1.5803411448694371e+02
    6.1906487678291614e+02 -2.8141494325106514e-01
    1.2228732685369360e-01 -7.1927833770324745e-02
    -1.3245911082080093e+02 1.6327614716184198e+02
    2.1076765586349802e+03 -1.9473503787105370e-01
    -5.4604242890939854e-02 -2.9333791470004228e-02
    -6.4419377654329014e+02 -7.1706824373142950e+01
    1.7962367849363529e+03 -2.1017772824801309e-01
    2.9697197254469902e-02 3.7808219857169506e-02
    -7.0051666731248508e+02 -4.0853534117403433e+02
    2.0505194693058147e+03 -3.0656637987855628e-01
    5.5582379050207104e-02 -1.4712654366906752e-01
    -8.6212524964830251e+01 1.4003386924680876e+02
    1.5903110567025760e+03 -3.9714771066901583e-01
    6.9383854021344782e-02 -2.8252739241106613e-02
    2.8916607652307090e+02 5.7712910988129686e+01 1.7853829617605174e+03
    -2.8792526048690248e-01 1.9540977881232235e-01
    -8.3400268537800332e-02 -6.6667971822587458e+02
    1.5726945825434231e+02 1.7203449702631958e+03 1.6417793761194087e-02
    1.6673896725713891e-01 -1.4171358668147224e-02
    -7.4212312099361867e+01 -5.5862513386640603e+02
    2.0358240439485971e+03 6.2140017608373821e-01 1.0980343781293095e-01
    -4.6216793662950853e-02 -2.1775975745814031e+02
    -5.5296755620974045e+02 1.8745647842311919e+03
    -1.3684524400509841e+00 4.5665631143888214e-03
    1.6911167878950976e-02 -5.2265121727411199e+01
    3.3970936304929711e+02 1.8297029442943274e+03
    -1.3250765358420573e+00 1.8257802328426512e-02
    -4.2236299832263069e-02 -1.3644082935712811e+02
    3.7433545863007879e+02 1.8097816840372673e+03
    -1.1710309551452627e+00 -2.5372059419404619e-01
    -4.6066464728021013e-02 1.1905027723962900e+00
    2.6446966432910835e+02 1.7014583046634393e+03
    -6.3756847830376551e-01 -5.5515638406802592e-01
    1.3816849623547189e-01 -4.4180683399355598e+02
    -2.9798532891578660e+01 1.7392172102054919e+03
    -4.6454163870906895e-01 -7.5289901964494466e-01
    7.9121628205401195e-02 -3.5277392550591031e+02
    -2.8042331680885422e+02 9.9959560448869945e+02
    -1.6060032322577728e-01 -7.6907121589034777e-01
    -3.3466221658332254e-02 -1.6001897845638359e+02
    -1.7747627481414958e+02 7.4656319621778243e+02
    -1.8434376459751989e-01 8.2525239718593657e-01
    -8.5266124665423687e-02 -6.3677072657443068e+00
    -1.1802408798817179e+02 1.0372714213763836e+03
    -7.7192253466571867e-02 9.4425706248449245e-02
    1.7890830181215320e-02 -1.7332302766636008e+02
    -1.3140079194759440e+02 7.0114208068265282e+02
    -6.9121329966684311e-02 7.7072318695134492e-02
    5.7120764424416276e-03 -2.1486519628861561e+02
    -1.6761663057480231e+02 5.7963128877013719e+02
    -1.0628524703569006e-01 -1.3136057789037411e-01
    -4.6182945145219194e-02 -4.3040445077113282e+02
    -4.3441793886536169e+02 1.6951141818557724e+03</data></Extrinsic_Parameters>
