<?xml version="1.0"?>
<opencv_storage>
<calibration_Time>"Sabtu 27 Jan 2018 06:13:25  +08"</calibration_Time>
<nrOfFrames>25</nrOfFrames>
<image_Width>640</image_Width>
<image_Height>480</image_Height>
<board_Width>9</board_Width>
<board_Height>6</board_Height>
<square_Size>50.</square_Size>
<FixAspectRatio>1.</FixAspectRatio>
<!-- flags:  +fix_aspectRatio +fix_principal_point +zero_tangent_dist -->
<flagValue>14</flagValue>
<Camera_Matrix type_id="opencv-matrix">
  <rows>3</rows>
  <cols>3</cols>
  <dt>d</dt>
  <data>
    6.5263363283889225e+02 0. 320. 0. 6.5263363283889225e+02 240. 0. 0.
    1.</data></Camera_Matrix>
<Distortion_Coefficients type_id="opencv-matrix">
  <rows>5</rows>
  <cols>1</cols>
  <dt>d</dt>
  <data>
    -7.7288397251834451e-02 4.3316617191931694e-01 0. 0.
    -1.3579460311644087e-01</data></Distortion_Coefficients>
<Avg_Reprojection_Error>7.5259267605899904e-01</Avg_Reprojection_Error>
<Per_View_Reprojection_Errors type_id="opencv-matrix">
  <rows>25</rows>
  <cols>1</cols>
  <dt>f</dt>
  <data>
    2.73341894e-01 2.66674072e-01 3.88098598e-01 4.37870294e-01
    7.35772312e-01 5.72368085e-01 8.09551120e-01 5.41494191e-01
    1.19145644e+00 7.53862321e-01 8.81821096e-01 1.30624640e+00
    1.03878117e+00 1.60824502e+00 1.08163738e+00 9.37308073e-01
    6.69608474e-01 6.11998260e-01 4.86615151e-01 4.89919186e-01
    3.13033134e-01 3.48332524e-01 1.95107117e-01 2.04521060e-01
    2.63503075e-01</data></Per_View_Reprojection_Errors>
<!-- a set of 6-tuples (rotation vector + translation vector) for each view -->
<Extrinsic_Parameters type_id="opencv-matrix">
  <rows>25</rows>
  <cols>6</cols>
  <dt>d</dt>
  <data>
    1.8783203911485753e-02 1.3423804028501951e-01 3.1300229636499939e+00
    2.7904839550974208e+02 5.4526139857285507e+01 8.6117310974981478e+02
    -1.9525964386610944e-02 5.4497577878278865e-02
    3.1319290277646830e+00 2.7776462333537802e+02 5.5414068268097992e+01
    8.5458614688006048e+02 1.0711162342190121e-01 4.0625933716600608e-02
    3.1334173510406909e+00 2.7153288350551503e+02 6.5664246315293752e+01
    8.6266483106569115e+02 4.3643314032377209e-03 1.0726279591064165e-01
    3.1119680493989565e+00 2.7509173830572740e+02 8.1904496737484266e+01
    9.2088925882521937e+02 -4.2382692883937589e-02
    2.2752227409402906e-01 3.1262498930690334e+00 3.1306558563543859e+02
    7.9043183047109636e+01 9.7672239094994359e+02 1.6806978669593346e-02
    1.6327846409550364e-01 3.1317327834026485e+00 2.8890239235964913e+02
    9.7492351708381165e+01 8.2405399878166452e+02
    -2.3865265162287683e-02 1.7323048359803955e-01
    3.1202060752131180e+00 2.7120666347727894e+02 1.1659950029474905e+02
    7.1003075065615735e+02 1.5774145917693907e-02
    -6.4112465357927376e-02 -3.1390385357362875e+00
    2.8730968291272359e+02 1.2392282346055873e+02 6.1950004112239856e+02
    -1.0462240399147128e-01 4.4737690905801368e-02
    3.1291510450980664e+00 2.7268180290413056e+02 1.2785889310175502e+02
    5.8028308610894612e+02 -1.1813335626924619e-01
    2.6038602594055061e-03 3.1119462989243329e+00 1.9109068772573340e+02
    1.2880744931405118e+02 5.8173963445468542e+02
    -1.0087116824746398e-01 4.6124426529125422e-03
    3.1072632455863447e+00 1.7729782352546223e+02 1.2965884379038093e+02
    5.8446897860165677e+02 -6.7979739755315211e-02
    -8.8076380664598910e-03 3.1188014914688242e+00
    2.2687118286853166e+02 1.3819236731039314e+02 5.5762255617326309e+02
    -8.0632665360909836e-02 1.3356135812138138e-02
    3.1306147219754696e+00 2.3745618031877018e+02 1.4162419897350739e+02
    5.4648464257272792e+02 -6.6338414415680919e-02
    -1.1355568815048329e-01 3.1244220696940084e+00
    2.1691892474719450e+02 1.2410709760089112e+02 6.0079456917528228e+02
    4.8476071844950369e-02 -3.0757556245381201e-01
    3.1210203109560544e+00 2.2742365392501677e+02 1.0198124452002526e+02
    7.6766964774139990e+02 7.2531181971084782e-02
    -6.2633837871152120e-01 3.0753469592029408e+00
    2.5087883246495284e+02 6.6495440095407204e+01 9.1970837691887846e+02
    -6.2869126448909213e-02 6.5033112829125772e-01
    -3.0695537180995047e+00 2.8166250598294795e+02
    2.8043907606936852e+01 1.0229115982289424e+03 4.6120828396310522e-02
    -7.7070018711131916e-01 3.0472697715922501e+00
    3.1271290497056873e+02 -1.9167667051250887e+00
    1.1103381015363304e+03 5.5815961442828951e-02
    -7.9292104109316297e-01 3.0411254377425654e+00
    3.8191093222610385e+02 -4.8522428952857645e+01
    1.2631633022432484e+03 1.6972829509410528e-01
    -4.1307811250077719e-01 3.0837523401912406e+00
    4.6155619736976917e+02 -4.9040742014763502e+01
    1.3458361704808742e+03 -8.5401727125462595e-02
    2.9460610439434459e-02 -3.1112970968609952e+00
    5.8242743800307062e+02 1.4370793685796274e+01 1.3569744129910951e+03
    1.7644953654448250e-02 -3.3209397298700153e-03
    -3.0549448265544203e+00 5.7938640159172849e+02
    8.5813305891916016e+01 1.3144139337013678e+03
    -4.0848862655226952e-03 -7.4033503406054024e-02
    -3.1146138880700009e+00 4.6738199322309487e+02
    9.8892524918445957e+01 1.2833551053608451e+03 1.4531813769699259e-02
    -6.2636636806482390e-02 -3.1354292359134961e+00
    4.5220254396229382e+02 1.2129505827676553e+02 1.2692213513861227e+03
    1.0992504711937232e-02 -3.0922032220501494e-02
    -3.1323218987467456e+00 4.6685682630527498e+02
    1.6509021628794076e+02 1.2276395413577955e+03</data></Extrinsic_Parameters>
