<?xml version="1.0"?>
<opencv_storage>
<calibration_Time>"Tue 20 Mar 2018 12:15:33 AM"</calibration_Time>
<nrOfFrames>30</nrOfFrames>
<image_Width>640</image_Width>
<image_Height>480</image_Height>
<board_Width>9</board_Width>
<board_Height>6</board_Height>
<square_Size>50.</square_Size>
<FixAspectRatio>1.</FixAspectRatio>
<!-- flags:  +fix_aspectRatio +fix_principal_point +zero_tangent_dist -->
<flagValue>14</flagValue>
<Camera_Matrix type_id="opencv-matrix">
  <rows>3</rows>
  <cols>3</cols>
  <dt>d</dt>
  <data>
    6.8409286805519616e+02 0. 320. 0. 6.8409286805519616e+02 240. 0. 0.
    1.</data></Camera_Matrix>
<Distortion_Coefficients type_id="opencv-matrix">
  <rows>5</rows>
  <cols>1</cols>
  <dt>d</dt>
  <data>
    1.7867552970288433e-01 -1.4352404422882379e+00 0. 0.
    1.9439167199920557e+00</data></Distortion_Coefficients>
<Avg_Reprojection_Error>2.9579111198740815e+00</Avg_Reprojection_Error>
<Per_View_Reprojection_Errors type_id="opencv-matrix">
  <rows>30</rows>
  <cols>1</cols>
  <dt>f</dt>
  <data>
    1.79298356e-01 1.97657421e-01 3.60153973e-01 2.14885384e-01
    3.23108220e+00 2.39986753e+00 3.46881437e+00 3.54623008e+00
    1.91955924e-01 2.08404452e-01 3.13962817e-01 2.78350830e-01
    2.81364107e+00 3.23456705e-01 3.96700597e+00 3.10382158e-01
    4.11133498e-01 3.48699629e-01 2.21368596e-01 2.82696724e-01
    2.74558783e-01 4.35601282e+00 2.20196113e-01 3.08405817e-01
    7.54677010e+00 8.07286835e+00 5.78797340e-01 3.58447134e-01
    3.64851207e-01 7.41460943e+00</data></Per_View_Reprojection_Errors>
<!-- a set of 6-tuples (rotation vector + translation vector) for each view -->
<Extrinsic_Parameters type_id="opencv-matrix">
  <rows>30</rows>
  <cols>6</cols>
  <dt>d</dt>
  <data>
    -5.0938639289191496e-03 -2.7429500143610529e-02
    2.3730058116509602e-02 -2.3812380612556016e+01
    -3.2111165595887394e+02 1.6010761104904536e+03
    -1.2559949393162828e-01 -2.8036855338090458e-02
    -1.2403919673184123e-01 -4.6686760047747839e+02
    2.9686566600010735e+02 1.6133594542672308e+03
    -1.3290095384063375e-01 5.6288702709622183e-02
    -8.0026973713718655e-02 -1.6309121460936726e+02
    -2.5538860944125048e+02 2.0800567004439936e+03
    3.5671527716254751e-02 -2.1503789385284705e-01
    5.5278554339308172e-02 -1.0475986586678684e+02
    -1.8116516501422032e+02 2.2770384995518016e+03
    -1.4788930441126753e+00 -1.0178059367115726e-01
    -4.3532000645381062e-02 -3.6436112382685110e+01
    6.2041745898208035e+02 2.3195348398453662e+03
    -1.3830783291369477e+00 -6.6054911628605134e-02
    -5.5299364938326052e-02 -7.3974910016155405e+01
    5.1656560094774443e+02 2.3225975257853079e+03
    -1.2290573442308612e+00 -5.5414213526022771e-01
    -7.2055700740119841e-02 -8.8424627135981427e+02
    4.9147733431276828e+02 2.1207897253679130e+03
    -6.5296691833633780e-01 5.4383954300656523e-01
    -7.6745330782582263e-02 4.0527764562093660e+02
    3.6526548515873804e+02 2.4600755990844614e+03 1.2610563789432502e-01
    -7.1032542923164146e-02 -7.8755370527882791e-03
    -1.8504385770244834e+01 -5.1666315293839068e+02
    1.8429610555804045e+03 2.2490151511077408e-01
    -2.2924252799483538e-01 4.8425374944078226e-02
    -5.6918464789190739e+02 -4.9470655376253558e+02
    1.7491646742765010e+03 9.7697666158376967e-02
    -2.4364777548112032e-01 3.4349300341239730e-02
    3.8527406808639324e+02 -5.0142632656853431e+02
    1.7506235516177042e+03 -2.5224975786793346e-02
    -4.6403325915417314e-02 -9.9731254922807832e-03
    8.6331188540459763e+01 -6.2550534383217339e+01
    2.0405836857130701e+03 -2.2395057480656103e-01
    -8.1568278310645226e-01 1.0654603147214520e-01
    3.5996600062770324e+02 -5.5270528828001709e+01
    1.9351725131136309e+03 -3.0184800728579508e-01
    -1.5230354847437216e-01 -2.4055460880297425e-03
    -7.9863238797569784e+02 1.5928982188805645e+02
    1.8959827874697123e+03 -3.5659611063138208e-01
    -1.1272018300790891e+00 8.7048371542831487e-02
    -3.8338000984681565e+02 -6.9486779306218995e+00
    1.9409566852147361e+03 -4.9148320873350672e-02
    1.9963027185321329e-02 -1.6122918263962249e-01
    -6.3241468721960509e+01 -2.1721666164167564e+02
    1.4515864271965304e+03 -1.5254026423455472e-01
    -1.5878113760522197e-03 -7.3513992487224386e-02
    -1.8638684750409513e+02 -1.1607573791388288e+02
    7.9730332304449621e+02 -2.6312165213645028e-01
    -3.9310490978816956e-03 -1.5156962422635169e-02
    -8.7541302516043899e+01 -2.7070385396111953e+02
    1.4448390487511490e+03 2.2122628829876520e-01 2.8220113703410928e-02
    -3.7672867353051635e-02 -3.8148091088308092e+02
    -3.7109613615257564e+02 1.3003491057741776e+03
    7.2104120079182085e-02 6.2418778216511615e-02
    -4.6468585636498236e-02 -5.4749632815536893e+02
    -3.6261689466306694e+02 1.3653056473874819e+03
    3.6891505016755005e-02 -6.6746505164584274e-02
    -4.9254076935427243e-02 2.2050552525816505e+02
    -4.4117053387007178e+02 1.3694366284767614e+03
    -1.4791426382324100e+00 -1.7107598918892686e-02
    7.1617425278757141e-03 1.8134621945118241e+02 4.2384524493257720e+02
    1.6248835234356516e+03 -7.3580138192030908e-01
    -3.2794993929286292e-01 1.9730844622351459e-02
    -6.7901490141890258e+02 1.7961353955066335e+02
    1.5993167094462729e+03 1.9746049930341965e-02
    -1.8834541150495005e-02 8.6885707403658072e-02
    1.0260727411460402e+02 -4.0756186094701064e+02
    1.4456500119127734e+03 -4.2018025143645982e-01
    -1.3364049037959341e-01 -3.3409427806815778e-01
    -1.1448252794958667e+03 -3.4396643552070674e+02
    2.8303068499822530e+03 -1.6587642067191224e-01
    -8.4975571569528854e-02 1.7711397571308143e-01
    6.4649533258668453e+02 -2.9965339704568152e+02
    2.8767409057376594e+03 -1.0124832488995578e-01
    -1.3592164005249757e-01 1.5098335921304357e-01
    2.6855121144988635e+02 3.4174070064695053e+02 2.2705054803617222e+03
    1.8938827794064231e-01 -2.5448770990122510e-01
    -4.5614246107341133e-02 -2.0398060636102525e+02
    -4.3657829344442071e+01 1.6633975714898452e+03
    -9.2461693874582654e-03 -1.4884697634711530e-01
    -9.1398226373733502e-02 -5.7473387826907333e+02
    1.0603955762104184e+02 1.5419573240441264e+03
    -2.7247603539844195e-01 1.0757316466879814e-01
    1.5708594878801199e-01 1.6606499584054052e+02 2.8602246533243289e+02
    3.2417782096846267e+03</data></Extrinsic_Parameters>
